# Machine Learning (WiSe 2025/2026)

Author: Suvansh Shukla  
Matriculation No. 256245

---

## Assignment 10 Task 4

### Part A

For Hierarchical agglomerative clustering via Single Link as cluster distance we need a distance matrix:

|   |    A |   B  |   C  |   D  |   E  |    F |
| --|------|------|------|------|------|------|
| A | 0.00 | 1.41 | 6.00 | 6.26 | 5.39 | 4.12 |
| B | 1.41 | 0.00 | 5.10 | 6.80 | 5.00 | 3.61 |
| C | 6.00 | 5.10 | 0.00 |11.88 | 9.43 | 8.06 |
| D | 6.26 | 6.80 |11.88 | 0.00 | 4.03 | 4.61 |
| E | 5.39 | 5.00 | 9.43 | 4.03 | 0.00 | 1.41 |
| F | 4.12 | 3.61 | 8.06 | 4.61 | 1.41 | 0.00 |

